<?xml version="1.0" encoding="UTF-8" standalone="no"?>
<!DOCTYPE svg PUBLIC "-//W3C//DTD SVG 20010904//EN"
              "http://www.w3.org/TR/2001/REC-SVG-20010904/DTD/svg10.dtd">

<svg xmlns="http://www.w3.org/2000/svg"
     width="43in" height="31.2222in"
     viewBox="0 0 3096 2248">
  <path id="Selection"
        fill="none" stroke="black" stroke-width="1"
        d="M 3094.00,32.00
           C 3094.00,32.00 3094.00,102.00 3094.00,102.00
             3094.00,102.00 3094.00,311.00 3094.00,311.00
             3094.00,311.00 3094.00,371.00 3094.00,371.00
             3094.00,377.14 3094.90,394.22 3093.00,399.00
             3093.00,399.00 3093.00,0.00 3093.00,0.00
             3094.88,4.73 3094.00,25.55 3094.00,32.00 Z
           M 1689.00,110.90
           C 1690.85,107.25 1689.54,102.86 1689.00,99.00
             1689.00,99.00 1689.00,85.00 1689.00,85.00
             1689.04,82.30 1688.92,78.75 1691.43,77.02
             1693.24,75.78 1696.84,76.00 1699.00,76.00
             1699.00,76.00 1719.00,76.00 1719.00,76.00
             1727.01,76.04 1737.89,78.73 1744.96,73.49
             1748.94,70.54 1750.74,65.86 1753.61,62.00
             1756.01,58.76 1759.97,55.34 1761.69,52.00
             1763.92,47.64 1762.05,42.79 1765.21,41.73
             1768.86,40.52 1770.86,48.49 1776.28,47.96
             1784.29,47.17 1784.75,34.86 1792.01,36.87
             1798.04,38.54 1808.49,49.22 1814.99,48.67
             1819.54,48.28 1821.26,44.18 1823.76,41.04
             1826.34,37.80 1830.88,34.33 1835.00,33.43
             1840.28,32.27 1861.02,39.46 1866.00,42.22
             1868.86,43.80 1874.03,48.80 1876.87,48.70
             1880.38,48.58 1880.57,43.61 1889.00,38.40
             1895.45,34.41 1898.29,36.70 1905.00,36.96
             1912.15,37.24 1917.38,35.29 1924.00,32.95
             1926.57,32.04 1930.78,30.18 1933.30,32.00
             1934.89,33.14 1936.79,38.08 1937.55,40.00
             1941.13,49.01 1942.63,65.15 1952.00,68.98
             1956.82,70.97 1968.90,70.39 1974.00,68.98
             1978.74,67.63 1985.37,64.55 1989.61,68.43
             1992.63,71.19 1997.39,85.00 1997.55,89.00
             1997.62,91.06 1997.14,92.21 1996.20,94.00
             1993.44,99.25 1982.81,112.78 1988.47,118.49
             1991.44,121.48 1998.85,120.01 2003.00,120.00
             2016.61,119.98 2022.28,120.64 2035.00,126.52
             2035.00,126.52 2046.00,133.00 2046.00,133.00
             2045.61,126.08 2042.23,118.31 2035.98,114.75
             2030.39,111.57 2018.12,109.91 2018.23,100.00
             2018.31,92.23 2021.33,86.30 2025.46,80.00
             2026.53,78.37 2027.72,76.08 2029.39,75.02
             2031.35,73.78 2034.71,74.01 2037.00,74.00
             2037.00,74.00 2055.00,73.00 2055.00,73.00
             2055.00,73.00 2091.00,74.00 2091.00,74.00
             2104.72,74.07 2118.03,79.90 2116.90,96.00
             2115.91,110.25 2102.67,107.64 2105.76,120.00
             2106.97,124.84 2111.43,134.06 2113.58,139.00
             2118.28,149.84 2126.59,168.30 2132.62,178.00
             2135.95,183.37 2140.90,190.20 2147.98,186.55
             2149.95,185.53 2151.61,184.08 2152.24,181.96
             2153.52,178.86 2151.79,175.38 2152.24,170.00
             2152.24,170.00 2157.65,139.00 2157.65,139.00
             2158.41,135.60 2160.49,127.12 2158.94,124.11
             2157.36,121.02 2153.99,120.27 2151.00,119.26
             2143.98,116.89 2141.80,115.36 2134.00,115.00
             2137.89,104.83 2140.14,108.86 2140.00,96.00
             2139.95,92.07 2137.27,78.95 2139.03,76.58
             2140.81,74.18 2147.21,74.04 2150.00,74.00
             2150.00,74.00 2207.00,74.00 2207.00,74.00
             2210.46,74.04 2224.08,74.98 2225.96,77.58
             2227.65,79.91 2225.34,89.76 2225.08,93.00
             2225.08,93.00 2218.10,127.00 2218.10,127.00
             2218.10,127.00 2219.18,139.00 2219.18,139.00
             2219.18,139.00 2230.54,181.00 2230.54,181.00
             2231.81,184.47 2235.02,192.35 2239.90,190.60
             2244.01,189.13 2246.99,178.98 2248.33,175.00
             2248.33,175.00 2258.02,140.00 2258.02,140.00
             2258.02,140.00 2260.64,132.00 2260.64,132.00
             2260.64,132.00 2264.31,125.00 2264.31,125.00
             2265.50,120.04 2260.32,113.93 2255.99,112.26
             2253.22,111.20 2248.56,111.15 2247.87,107.86
             2247.30,105.15 2250.13,102.46 2250.82,97.00
             2251.42,92.18 2251.02,79.93 2254.56,76.60
             2256.63,74.65 2264.16,73.98 2267.00,74.18
             2267.00,74.18 2335.00,75.00 2335.00,75.00
             2341.11,74.97 2345.06,73.33 2351.00,75.00
             2347.35,84.50 2348.89,82.75 2349.00,92.00
             2349.00,92.00 2349.00,108.00 2349.00,108.00
             2348.99,109.83 2349.15,112.91 2347.98,114.40
             2345.88,117.08 2341.69,114.79 2336.47,120.21
             2330.76,126.13 2327.65,135.23 2325.43,143.00
             2325.43,143.00 2299.57,235.00 2299.57,235.00
             2299.57,235.00 2277.37,313.00 2277.37,313.00
             2273.43,328.59 2265.05,361.22 2259.13,375.00
             2257.19,379.51 2249.37,392.03 2244.72,393.30
             2241.90,394.06 2234.96,389.51 2232.00,388.18
             2228.46,386.59 2220.78,384.94 2218.72,382.57
             2213.66,376.76 2215.41,359.32 2215.79,352.00
             2216.03,347.50 2213.42,333.87 2212.34,329.00
             2211.24,324.09 2208.10,313.12 2205.64,309.02
             2204.16,306.55 2201.50,303.17 2198.19,304.40
             2192.72,306.43 2191.84,320.88 2191.13,326.00
             2191.13,326.00 2181.00,392.00 2181.00,392.00
             2181.00,392.00 2163.00,390.08 2163.00,390.08
             2163.00,390.08 2147.00,390.08 2147.00,390.08
             2147.56,386.85 2148.17,384.24 2147.81,381.00
             2147.11,374.51 2138.23,353.43 2135.42,346.00
             2135.42,346.00 2102.50,267.00 2102.50,267.00
             2102.50,267.00 2094.86,247.00 2094.86,247.00
             2094.86,247.00 2081.86,216.00 2081.86,216.00
             2080.58,213.11 2077.84,205.48 2075.59,203.76
             2069.19,198.88 2061.49,214.55 2062.24,220.00
             2063.01,225.64 2072.41,237.70 2073.08,242.00
             2073.59,245.23 2071.17,247.88 2070.62,251.00
             2069.35,255.42 2070.49,259.65 2070.62,264.00
             2071.71,275.40 2058.78,273.41 2052.11,278.65
             2045.44,283.89 2049.55,289.79 2046.39,293.59
             2044.54,295.82 2039.71,297.15 2037.00,298.65
             2032.69,301.02 2028.55,305.47 2026.56,310.00
             2022.32,319.66 2033.31,321.37 2034.77,330.00
             2036.92,342.68 2028.18,342.48 2023.32,350.02
             2020.32,354.67 2017.51,362.98 2012.91,365.43
             2005.43,369.42 2000.11,366.17 1993.00,363.69
             1983.03,360.22 1966.35,354.80 1957.00,361.22
             1953.96,363.32 1950.68,365.89 1951.33,370.00
             1951.74,372.62 1953.83,374.59 1953.22,378.00
             1952.31,383.18 1943.15,393.76 1939.00,397.00
             1936.55,388.69 1925.46,378.27 1916.01,381.74
             1913.14,382.79 1909.56,386.58 1906.96,388.63
             1906.96,388.63 1891.00,401.00 1891.00,401.00
             1891.00,401.00 1898.00,401.00 1898.00,401.00
             1898.00,401.00 1896.00,408.00 1896.00,408.00
             1890.46,406.42 1889.61,404.13 1886.72,404.07
             1881.41,403.96 1878.43,410.47 1872.00,405.68
             1865.57,400.89 1860.89,390.52 1855.54,384.00
             1853.72,381.79 1849.98,377.31 1847.00,377.03
             1842.08,376.56 1837.31,385.95 1831.00,388.26
             1826.94,389.75 1819.31,387.13 1814.00,387.01
             1799.86,386.69 1793.28,393.94 1780.00,397.37
             1776.69,398.22 1770.17,400.48 1767.10,398.94
             1758.90,394.80 1763.11,382.58 1754.98,376.65
             1750.61,373.46 1740.39,370.86 1735.00,371.33
             1726.02,372.11 1726.53,375.25 1716.00,372.88
             1703.40,370.04 1700.77,370.90 1701.01,360.00
             1701.14,354.54 1703.90,345.29 1702.26,341.00
             1700.05,335.21 1691.86,331.34 1687.02,327.91
             1681.59,324.06 1681.83,321.39 1677.95,318.56
             1672.15,314.33 1658.19,312.01 1651.00,312.00
             1650.89,307.59 1651.09,306.35 1648.00,303.00
             1646.50,315.52 1651.29,328.38 1650.82,335.00
             1649.27,356.70 1640.71,375.96 1616.00,376.00
             1616.00,376.00 1604.00,376.00 1604.00,376.00
             1604.00,376.00 1589.00,375.00 1589.00,375.00
             1589.00,375.00 1482.00,375.00 1482.00,375.00
             1482.00,375.00 1467.00,373.96 1467.00,373.96
             1467.00,373.96 1450.00,373.96 1450.00,373.96
             1450.00,373.96 1440.00,373.00 1440.00,373.00
             1440.00,373.00 1412.00,371.83 1412.00,371.83
             1412.00,371.83 1385.00,369.00 1385.00,369.00
             1385.00,369.00 1370.00,369.00 1370.00,369.00
             1358.82,368.98 1359.02,365.42 1359.02,355.00
             1359.02,355.00 1359.02,332.00 1359.02,332.00
             1358.96,329.16 1357.89,323.38 1359.02,321.21
             1360.41,318.71 1364.62,317.00 1366.96,315.21
             1370.99,312.13 1372.29,308.95 1372.83,304.00
             1372.83,304.00 1374.00,251.00 1374.00,251.00
             1374.00,251.00 1374.00,171.00 1374.00,171.00
             1374.00,171.00 1374.00,149.00 1374.00,149.00
             1374.00,149.00 1375.00,132.00 1375.00,132.00
             1375.00,129.08 1375.41,124.74 1373.40,122.43
             1370.84,119.48 1365.57,120.00 1362.00,120.00
             1362.18,105.61 1359.83,93.28 1362.88,79.00
             1363.67,75.32 1363.69,69.04 1366.31,66.65
             1370.90,62.46 1376.71,65.83 1382.00,65.98
             1382.00,65.98 1400.00,67.00 1400.00,67.00
             1400.00,67.00 1425.00,67.00 1425.00,67.00
             1425.00,67.00 1436.00,67.96 1436.00,67.96
             1436.00,67.96 1448.00,67.96 1448.00,67.96
             1453.23,68.06 1466.05,68.78 1469.69,72.42
             1472.71,75.44 1472.09,80.14 1471.58,84.00
             1470.57,91.54 1469.06,108.68 1464.86,114.61
             1461.44,119.45 1451.99,118.22 1446.93,127.00
             1444.35,131.49 1445.06,138.87 1445.00,144.00
             1445.00,144.00 1444.00,159.00 1444.00,159.00
             1444.00,159.00 1443.00,197.00 1443.00,197.00
             1443.00,197.00 1442.00,213.00 1442.00,213.00
             1442.00,213.00 1442.00,283.00 1442.00,283.00
             1442.00,283.00 1441.00,303.00 1441.00,303.00
             1441.02,306.91 1441.02,311.63 1443.56,314.86
             1447.67,320.07 1455.21,318.69 1461.00,319.09
             1461.00,319.09 1473.00,320.00 1473.00,320.00
             1473.00,320.00 1510.00,320.00 1510.00,320.00
             1510.00,320.00 1521.00,319.32 1521.00,319.32
             1521.00,319.32 1562.00,320.24 1562.00,320.24
             1562.00,320.24 1574.00,320.24 1574.00,320.24
             1584.05,319.83 1592.08,317.04 1594.62,306.00
             1595.60,301.71 1595.31,292.66 1598.51,289.72
             1600.75,287.67 1606.01,287.06 1609.00,286.59
             1609.00,286.59 1638.00,286.00 1638.00,286.00
             1648.54,285.98 1649.46,282.98 1646.71,273.00
             1643.55,261.53 1641.31,258.42 1632.00,250.59
             1629.63,248.59 1624.13,245.35 1624.56,241.90
             1624.91,239.07 1629.50,233.49 1631.29,231.00
             1631.29,231.00 1640.31,219.00 1640.31,219.00
             1646.72,211.20 1652.23,207.10 1652.91,196.00
             1653.56,185.30 1647.98,182.77 1642.29,175.00
             1638.26,169.50 1631.05,156.35 1628.00,150.00
             1638.50,150.88 1646.08,155.29 1658.00,153.71
             1662.87,153.07 1667.91,151.99 1667.84,146.00
             1667.73,136.77 1657.33,131.29 1657.00,118.00
             1665.00,118.00 1684.43,118.83 1689.00,110.90 Z
           M 1329.00,88.00
           C 1329.00,88.00 1329.00,108.00 1329.00,108.00
             1328.98,112.93 1328.28,126.30 1323.78,129.13
             1321.41,130.38 1318.54,129.59 1316.00,129.13
             1316.00,129.13 1300.00,128.13 1300.00,128.13
             1300.00,128.13 1281.00,128.13 1281.00,128.13
             1277.32,128.01 1266.65,129.52 1264.31,128.13
             1261.57,127.10 1262.21,124.19 1258.86,121.85
             1255.50,119.52 1249.96,120.04 1246.00,120.00
             1246.00,120.00 1213.00,116.00 1213.00,116.00
             1190.74,115.97 1172.10,114.96 1150.00,119.20
             1145.41,120.08 1130.91,121.66 1128.04,123.16
             1121.05,126.81 1125.89,130.32 1124.09,137.00
             1121.77,145.55 1119.84,151.85 1120.02,161.00
             1120.02,161.00 1121.91,176.00 1121.91,176.00
             1122.28,181.41 1120.97,189.35 1125.38,193.43
             1128.08,195.94 1131.68,194.95 1135.00,195.05
             1135.00,195.05 1157.00,197.00 1157.00,197.00
             1157.00,197.00 1225.00,197.00 1225.00,197.00
             1230.25,196.97 1231.92,196.77 1237.00,195.28
             1238.98,194.70 1242.77,193.17 1244.72,193.78
             1246.97,194.48 1247.51,197.01 1247.98,199.00
             1248.92,202.94 1249.95,210.94 1250.00,215.00
             1250.04,218.90 1250.18,226.53 1247.42,229.49
             1245.45,231.60 1239.86,232.74 1237.00,233.33
             1237.00,233.33 1207.00,236.00 1207.00,236.00
             1207.00,236.00 1167.00,240.00 1167.00,240.00
             1155.03,240.02 1135.85,238.58 1127.22,248.09
             1121.89,253.97 1122.41,260.79 1121.91,268.00
             1121.91,268.00 1121.00,278.00 1121.00,278.00
             1121.00,278.00 1122.46,311.00 1122.46,311.00
             1123.19,315.00 1124.48,319.76 1128.11,322.07
             1130.63,323.67 1134.14,323.80 1137.00,324.51
             1142.26,325.83 1145.06,328.22 1151.00,327.89
             1155.30,327.66 1157.57,326.02 1162.00,326.13
             1166.97,326.25 1168.97,328.02 1182.00,328.00
             1198.64,327.97 1193.55,323.33 1208.00,323.09
             1209.95,322.94 1214.11,322.34 1215.69,323.09
             1219.08,325.01 1218.99,334.53 1219.00,338.00
             1219.00,338.00 1219.00,362.00 1219.00,362.00
             1218.86,372.02 1214.42,371.05 1206.00,371.68
             1206.00,371.68 1184.00,370.00 1184.00,370.00
             1184.00,370.00 1154.00,370.00 1154.00,370.00
             1154.00,370.00 1139.00,371.00 1139.00,371.00
             1139.00,371.00 1085.00,371.00 1085.00,371.00
             1085.00,371.00 1072.00,371.98 1072.00,371.98
             1072.00,371.98 1057.00,371.98 1057.00,371.98
             1057.00,371.98 1041.00,373.16 1041.00,373.16
             1039.12,373.31 1036.43,374.02 1035.02,372.36
             1033.77,370.89 1034.00,366.90 1034.00,365.00
             1034.00,365.00 1034.00,361.00 1034.00,361.00
             1034.05,356.72 1035.33,339.31 1037.31,336.31
             1039.78,332.56 1046.05,334.90 1049.11,327.00
             1050.41,323.63 1049.96,315.91 1050.00,312.00
             1050.00,312.00 1051.00,297.00 1051.00,297.00
             1051.00,297.00 1051.00,181.00 1051.00,181.00
             1051.00,181.00 1050.00,166.00 1050.00,166.00
             1050.00,166.00 1050.00,149.00 1050.00,149.00
             1049.99,139.46 1048.67,139.45 1048.06,133.00
             1047.84,128.49 1049.38,126.00 1048.06,123.04
             1045.60,118.23 1039.29,117.71 1036.70,115.21
             1033.47,112.09 1033.02,105.23 1033.00,101.00
             1032.98,96.59 1032.53,76.80 1033.60,74.04
             1035.16,70.00 1041.84,66.05 1046.00,65.35
             1046.00,65.35 1062.00,66.00 1062.00,66.00
             1062.00,66.00 1079.00,67.46 1079.00,67.46
             1086.29,68.74 1087.85,69.96 1096.00,70.00
             1096.00,70.00 1114.00,71.00 1114.00,71.00
             1114.00,71.00 1130.00,71.00 1130.00,71.00
             1130.00,71.00 1140.00,70.04 1140.00,70.04
             1140.00,70.04 1150.00,70.04 1150.00,70.04
             1150.00,70.04 1165.00,69.00 1165.00,69.00
             1165.00,69.00 1256.00,69.00 1256.00,69.00
             1256.00,69.00 1271.00,68.00 1271.00,68.00
             1271.00,68.00 1331.00,68.00 1331.00,68.00
             1331.00,68.00 1329.00,88.00 1329.00,88.00 Z
           M 1000.57,75.00
           C 1000.57,75.00 1002.79,94.00 1002.79,94.00
             1001.83,112.44 994.79,120.03 992.51,129.00
             990.22,138.05 991.11,149.53 991.00,159.00
             991.00,159.00 989.96,172.00 989.96,172.00
             989.96,172.00 989.96,184.00 989.96,184.00
             989.96,184.00 989.00,196.00 989.00,196.00
             989.00,196.00 989.00,285.00 989.00,285.00
             989.00,285.00 990.00,300.00 990.00,300.00
             990.04,324.48 990.79,314.24 994.54,335.00
             996.15,343.93 997.48,363.93 987.96,368.98
             985.19,370.44 979.26,369.97 976.00,370.00
             976.00,370.00 962.00,371.00 962.00,371.00
             962.00,371.00 914.00,371.00 914.00,371.00
             914.00,371.00 902.00,372.10 902.00,372.10
             902.00,372.10 890.00,372.10 890.00,372.10
             886.78,372.04 880.43,373.23 878.00,372.10
             874.23,371.07 870.99,366.24 868.86,363.00
             864.03,355.66 859.69,347.86 855.75,340.00
             855.75,340.00 805.74,244.00 805.74,244.00
             802.43,237.59 792.45,218.80 788.48,214.04
             780.88,204.93 777.02,209.18 777.00,219.00
             777.00,219.00 777.00,228.00 777.00,228.00
             777.00,228.00 775.00,257.00 775.00,257.00
             775.00,257.00 775.00,270.00 775.00,270.00
             775.00,270.00 774.00,285.00 774.00,285.00
             774.00,285.00 774.00,313.00 774.00,313.00
             774.01,318.01 774.46,326.72 777.01,331.00
             779.60,335.36 784.02,338.12 785.99,343.00
             787.43,346.56 786.82,351.10 787.28,355.00
             787.65,358.05 789.57,366.09 787.96,368.49
             785.68,371.92 774.93,372.95 771.00,373.00
             771.00,373.00 707.00,373.00 707.00,373.00
             704.70,373.00 700.59,373.38 698.87,371.40
             697.30,369.22 698.23,363.61 698.87,361.00
             698.87,361.00 698.87,341.00 698.87,341.00
             699.22,329.29 706.65,333.74 710.84,326.81
             713.40,322.58 712.83,314.82 713.04,310.00
             713.04,310.00 714.00,298.00 714.00,298.00
             714.00,298.00 714.00,281.00 714.00,281.00
             714.00,281.00 715.00,265.00 715.00,265.00
             715.00,265.00 715.00,236.00 715.00,236.00
             715.00,236.00 716.00,221.00 716.00,221.00
             716.00,221.00 716.00,201.00 716.00,201.00
             716.00,201.00 717.00,181.00 717.00,181.00
             717.00,181.00 718.00,165.00 718.00,165.00
             718.00,165.00 718.00,143.00 718.00,143.00
             718.00,143.00 719.00,126.00 719.00,126.00
             719.00,126.00 719.00,99.00 719.00,99.00
             719.04,95.95 719.27,90.83 720.98,88.27
             722.28,86.34 725.77,84.62 727.83,82.80
             733.44,77.87 732.25,78.02 740.00,78.00
             740.00,78.00 749.00,78.00 749.00,78.00
             749.00,78.00 762.00,77.00 762.00,77.00
             762.00,77.00 787.00,77.00 787.00,77.00
             790.67,77.05 800.98,77.93 804.00,79.45
             811.72,83.33 818.36,96.91 820.79,105.00
             822.81,111.73 822.67,115.52 825.87,123.00
             825.87,123.00 844.22,161.00 844.22,161.00
             844.22,161.00 862.74,199.00 862.74,199.00
             862.74,199.00 868.26,211.00 868.26,211.00
             868.26,211.00 875.75,225.00 875.75,225.00
             875.75,225.00 884.92,244.00 884.92,244.00
             884.92,244.00 906.75,287.00 906.75,287.00
             908.38,290.24 912.14,299.73 916.91,297.83
             921.04,296.19 922.43,287.94 922.83,284.00
             922.83,284.00 924.00,258.00 924.00,258.00
             924.00,258.00 925.00,241.00 925.00,241.00
             925.00,241.00 925.00,132.00 925.00,132.00
             925.01,128.09 926.56,120.12 924.40,117.39
             921.69,113.97 914.59,112.90 912.17,108.79
             911.01,106.80 911.04,94.21 911.00,91.00
             910.95,86.52 910.98,75.73 915.39,73.26
             917.62,72.02 931.06,73.99 935.00,74.00
             949.91,74.02 965.21,74.64 980.00,72.71
             980.00,72.71 995.94,68.66 995.94,68.66
             1000.20,69.12 999.96,71.09 1000.57,75.00 Z
           M 418.00,80.00
           C 418.00,80.00 434.00,79.00 434.00,79.00
             434.00,79.00 494.00,79.00 494.00,79.00
             498.30,79.05 513.46,80.46 516.07,83.56
             518.18,86.07 518.00,91.83 518.00,95.00
             518.00,95.00 518.00,109.00 518.00,109.00
             517.95,113.07 517.30,125.69 514.49,128.28
             510.36,132.08 497.17,131.05 495.22,141.00
             495.22,141.00 493.91,160.00 493.91,160.00
             493.91,160.00 493.00,180.00 493.00,180.00
             493.00,180.00 492.00,196.00 492.00,196.00
             492.00,196.00 491.00,238.00 491.00,238.00
             491.00,238.00 490.00,256.00 490.00,256.00
             490.00,256.00 490.82,268.00 490.82,268.00
             490.82,268.00 490.00,277.00 490.00,277.00
             489.79,294.91 490.67,310.19 504.09,323.96
             516.90,337.09 534.88,334.29 551.00,331.46
             551.00,331.46 559.00,330.82 559.00,330.82
             565.51,330.02 572.90,326.18 578.00,322.18
             597.20,307.11 601.41,280.92 603.09,258.00
             603.09,258.00 604.00,246.00 604.00,246.00
             604.00,246.00 604.00,226.00 604.00,226.00
             604.00,226.00 606.04,191.00 606.04,191.00
             606.04,191.00 606.04,176.00 606.04,176.00
             606.04,176.00 607.00,165.00 607.00,165.00
             607.00,165.00 607.00,143.00 607.00,143.00
             606.99,137.86 607.14,132.28 602.78,128.65
             597.16,123.97 589.38,127.26 590.17,117.00
             590.17,117.00 592.91,90.00 592.91,90.00
             593.14,86.71 592.45,82.21 595.43,79.98
             598.20,77.91 604.62,78.07 608.00,77.99
             608.00,77.99 621.00,77.00 621.00,77.00
             621.00,77.00 661.00,77.00 661.00,77.00
             663.93,77.04 674.55,77.93 676.69,79.31
             679.51,81.14 678.99,85.06 679.00,88.00
             679.00,88.00 679.00,121.00 679.00,121.00
             678.87,131.92 674.08,135.78 674.00,152.00
             674.00,152.00 674.00,174.00 674.00,174.00
             674.00,174.00 673.00,191.00 673.00,191.00
             673.00,191.00 673.00,222.00 673.00,222.00
             673.00,265.14 674.39,321.84 639.58,353.48
             635.34,357.34 626.25,362.58 621.00,365.24
             610.32,370.67 604.30,373.98 592.00,374.00
             592.00,374.00 574.00,374.00 574.00,374.00
             574.00,374.00 564.00,374.96 564.00,374.96
             564.00,374.96 551.00,374.96 551.00,374.96
             551.00,374.96 534.00,373.84 534.00,373.84
             534.00,373.84 516.00,373.84 516.00,373.84
             516.00,373.84 506.00,373.84 506.00,373.84
             506.00,373.84 495.00,373.00 495.00,373.00
             495.00,373.00 490.00,373.00 490.00,373.00
             476.55,372.84 453.89,366.98 443.00,359.21
             438.45,355.97 436.10,352.70 432.49,348.72
             432.49,348.72 421.70,337.00 421.70,337.00
             417.92,331.41 410.86,312.92 409.24,306.00
             407.04,296.69 407.51,293.81 406.91,285.00
             406.91,285.00 406.00,275.00 406.00,275.00
             406.00,275.00 406.00,252.00 406.00,252.00
             406.00,252.00 407.00,230.00 407.00,230.00
             407.00,230.00 408.00,215.00 408.00,215.00
             408.00,215.00 408.00,186.00 408.00,186.00
             408.00,186.00 408.96,174.00 408.96,174.00
             408.96,174.00 408.96,158.00 408.96,158.00
             408.96,158.00 409.91,144.00 409.91,144.00
             409.66,139.98 408.37,134.47 405.58,131.47
             402.16,127.76 397.93,126.98 393.93,121.91
             389.44,116.22 390.23,112.81 387.65,107.00
             383.19,96.94 380.12,98.66 380.00,85.00
             394.65,84.33 396.00,80.10 418.00,80.00 Z
           M 2899.00,381.00
           C 2899.00,381.00 2888.00,380.04 2888.00,380.04
             2888.00,380.04 2876.00,380.04 2876.00,380.04
             2876.00,380.04 2857.00,381.68 2857.00,381.68
             2857.00,381.68 2840.21,380.96 2840.21,380.96
             2837.76,379.59 2835.96,375.49 2834.78,373.00
             2834.78,373.00 2825.00,352.00 2825.00,352.00
             2825.00,352.00 2815.69,330.00 2815.69,330.00
             2815.69,330.00 2807.34,313.00 2807.34,313.00
             2807.34,313.00 2801.00,296.00 2801.00,296.00
             2801.00,296.00 2797.93,288.00 2797.93,288.00
             2796.43,282.48 2797.52,278.96 2793.70,274.00
             2793.70,274.00 2788.33,268.00 2788.33,268.00
             2785.49,264.56 2782.77,258.88 2779.82,256.43
             2776.18,253.41 2763.37,253.06 2759.00,254.74
             2756.12,255.85 2753.68,258.26 2752.31,261.00
             2750.33,264.96 2750.94,269.73 2750.99,274.00
             2750.99,274.00 2749.01,300.00 2749.01,300.00
             2749.20,308.01 2751.93,319.58 2754.93,327.00
             2754.93,327.00 2760.35,338.00 2760.35,338.00
             2761.31,341.19 2761.01,349.29 2761.00,353.00
             2760.99,361.51 2760.27,361.41 2759.28,369.00
             2758.99,371.26 2759.20,374.45 2757.40,376.07
             2755.01,378.21 2739.77,378.99 2736.00,379.00
             2736.00,379.00 2690.00,379.00 2690.00,379.00
             2686.14,378.99 2676.56,378.26 2673.00,377.40
             2673.00,377.40 2665.00,375.30 2665.00,375.30
             2665.00,375.30 2645.58,373.87 2645.58,373.87
             2645.58,373.87 2637.00,375.21 2637.00,375.21
             2633.81,375.18 2631.59,373.84 2627.00,374.18
             2627.00,374.18 2618.00,375.71 2618.00,375.71
             2618.00,375.71 2597.00,377.00 2597.00,377.00
             2597.00,377.00 2565.00,377.00 2565.00,377.00
             2565.00,377.00 2549.00,376.00 2549.00,376.00
             2549.00,376.00 2525.00,376.00 2525.00,376.00
             2525.00,376.00 2508.00,375.00 2508.00,375.00
             2508.00,375.00 2448.00,375.00 2448.00,375.00
             2448.00,375.00 2433.00,374.00 2433.00,374.00
             2433.00,374.00 2422.00,374.00 2422.00,374.00
             2422.00,374.00 2407.00,373.12 2407.00,373.12
             2407.00,373.12 2392.00,373.12 2392.00,373.12
             2387.10,373.01 2374.31,375.41 2371.09,373.12
             2369.60,372.42 2367.97,370.43 2366.94,369.00
             2361.77,361.75 2365.32,359.27 2365.91,352.00
             2366.31,346.95 2366.39,337.67 2367.80,333.00
             2368.76,329.80 2370.28,327.85 2371.60,325.00
             2374.58,318.61 2377.24,307.07 2376.96,300.00
             2376.96,300.00 2374.18,279.00 2374.18,279.00
             2374.18,279.00 2375.91,268.00 2375.91,268.00
             2376.31,262.44 2375.39,256.54 2374.83,251.00
             2374.83,251.00 2371.11,232.00 2371.11,232.00
             2371.11,232.00 2373.79,206.00 2373.79,206.00
             2373.79,206.00 2372.04,190.00 2372.04,190.00
             2372.04,190.00 2372.04,174.00 2372.04,174.00
             2372.04,174.00 2370.15,149.06 2370.15,149.06
             2371.31,142.14 2379.96,148.02 2379.96,142.98
             2379.96,139.09 2372.54,140.10 2370.02,135.86
             2368.42,133.15 2367.01,118.69 2366.86,115.00
             2366.86,115.00 2366.86,94.00 2366.86,94.00
             2366.25,90.01 2365.55,82.87 2368.73,79.74
             2371.76,76.76 2385.57,76.95 2390.00,77.00
             2390.00,77.00 2405.00,78.00 2405.00,78.00
             2405.00,78.00 2482.00,80.00 2482.00,80.00
             2482.00,80.00 2497.00,81.00 2497.00,81.00
             2497.00,81.00 2511.00,81.00 2511.00,81.00
             2511.00,81.00 2527.00,82.00 2527.00,82.00
             2527.00,82.00 2569.00,82.00 2569.00,82.00
             2569.00,82.00 2581.00,82.96 2581.00,82.96
             2581.00,82.96 2593.00,82.96 2593.00,82.96
             2593.00,82.96 2609.00,84.00 2609.00,84.00
             2616.43,84.01 2620.51,83.66 2627.93,85.00
             2627.93,85.00 2627.93,95.00 2627.93,95.00
             2628.65,98.47 2633.82,104.90 2634.12,120.00
             2634.03,122.88 2634.91,134.23 2634.12,135.79
             2632.90,138.99 2628.03,140.60 2625.00,141.80
             2612.77,146.64 2608.65,146.02 2596.00,146.00
             2591.37,145.99 2579.99,145.20 2576.00,143.47
             2570.03,140.88 2567.14,136.38 2562.00,133.13
             2555.72,129.16 2547.29,127.92 2540.00,128.00
             2540.00,128.00 2525.00,129.04 2525.00,129.04
             2525.00,129.04 2511.00,129.04 2511.00,129.04
             2511.00,129.04 2500.00,130.00 2500.00,130.00
             2500.00,130.00 2484.00,130.00 2484.00,130.00
             2479.77,130.05 2463.05,131.08 2460.10,132.93
             2457.58,134.52 2456.72,136.52 2455.09,138.83
             2453.21,141.50 2450.77,143.85 2449.70,147.00
             2448.62,150.17 2448.99,160.13 2449.00,164.00
             2449.00,164.00 2449.96,176.00 2449.96,176.00
             2449.96,176.00 2449.96,189.00 2449.96,189.00
             2450.05,193.02 2450.59,199.55 2453.51,202.57
             2456.23,205.40 2462.25,205.85 2466.00,205.99
             2466.00,205.99 2487.00,207.00 2487.00,207.00
             2487.00,207.00 2519.00,209.00 2519.00,209.00
             2519.00,209.00 2533.00,209.91 2533.00,209.91
             2533.00,209.91 2549.00,210.83 2549.00,210.83
             2553.44,211.26 2566.22,211.48 2569.10,214.72
             2571.74,217.71 2571.05,230.68 2571.00,235.00
             2570.96,238.09 2570.99,242.02 2568.49,244.27
             2566.77,245.82 2563.26,246.41 2561.00,246.71
             2561.00,246.71 2540.00,248.00 2540.00,248.00
             2540.00,248.00 2481.00,248.00 2481.00,248.00
             2481.00,248.00 2460.00,249.44 2460.00,249.44
             2457.51,249.85 2454.45,250.41 2452.74,252.43
             2450.69,254.86 2451.00,258.99 2451.00,262.00
             2451.00,262.00 2451.00,276.00 2451.00,276.00
             2451.00,276.00 2452.00,289.00 2452.00,289.00
             2452.00,289.00 2452.92,310.00 2452.92,310.00
             2453.25,314.17 2453.37,321.49 2456.43,324.57
             2460.13,328.28 2468.13,327.82 2473.00,328.04
             2473.00,328.04 2484.00,329.00 2484.00,329.00
             2484.00,329.00 2510.00,329.00 2510.00,329.00
             2510.00,329.00 2525.00,330.00 2525.00,330.00
             2525.00,330.00 2549.00,330.00 2549.00,330.00
             2549.00,330.00 2564.00,331.08 2564.00,331.08
             2576.39,331.47 2575.42,322.78 2583.04,319.74
             2585.65,318.69 2590.07,319.11 2593.00,318.91
             2593.00,318.91 2614.00,318.00 2614.00,318.00
             2620.42,318.08 2636.17,320.65 2640.44,325.42
             2646.14,331.77 2639.69,349.82 2651.00,349.60
             2651.00,349.60 2660.00,348.13 2660.00,348.13
             2662.36,347.79 2666.79,347.40 2668.69,346.02
             2672.77,343.03 2669.28,339.17 2667.96,336.00
             2667.96,336.00 2664.84,321.00 2664.84,321.00
             2664.36,317.23 2667.41,312.82 2667.91,306.00
             2667.91,306.00 2668.78,276.00 2668.78,276.00
             2668.78,276.00 2668.78,266.00 2668.78,266.00
             2668.66,263.58 2669.01,262.66 2668.78,260.00
             2668.78,260.00 2667.54,248.00 2667.54,248.00
             2666.89,244.34 2666.22,243.09 2666.04,239.00
             2666.04,239.00 2667.00,224.00 2667.00,224.00
             2667.00,224.00 2667.00,203.00 2667.00,203.00
             2666.99,198.57 2666.45,191.17 2665.20,187.00
             2664.28,183.92 2662.37,181.28 2662.22,178.00
             2662.11,175.50 2666.47,159.20 2665.15,151.00
             2663.18,138.63 2653.75,134.89 2650.95,129.96
             2649.32,126.42 2650.28,122.71 2650.95,119.00
             2651.46,112.68 2650.43,105.56 2654.70,100.15
             2658.68,95.10 2666.29,97.90 2672.00,96.28
             2677.38,94.75 2678.26,91.66 2684.00,89.94
             2695.02,86.64 2705.10,88.98 2716.00,89.00
             2716.00,89.00 2744.00,89.00 2744.00,89.00
             2744.00,89.00 2759.00,90.00 2759.00,90.00
             2759.00,90.00 2782.00,90.00 2782.00,90.00
             2782.00,90.00 2794.00,90.96 2794.00,90.96
             2794.00,90.96 2809.00,90.96 2809.00,90.96
             2809.00,90.96 2819.00,92.04 2819.00,92.04
             2819.00,92.04 2828.00,92.04 2828.00,92.04
             2841.36,93.44 2856.55,95.94 2869.00,101.01
             2886.32,108.07 2908.56,128.07 2916.51,145.00
             2919.84,152.07 2921.90,162.19 2922.00,170.00
             2922.27,193.82 2915.17,209.52 2898.91,227.00
             2892.40,234.00 2889.15,236.44 2882.00,242.26
             2878.95,244.74 2873.92,248.56 2872.17,252.00
             2870.76,254.79 2870.79,260.86 2871.10,264.00
             2871.66,269.61 2880.71,282.51 2883.69,289.00
             2883.69,289.00 2909.42,346.00 2909.42,346.00
             2916.19,361.53 2921.00,367.39 2921.00,385.00
             2910.93,381.65 2909.88,381.05 2899.00,381.00 Z
           M 94.91,360.00
           C 94.91,360.00 97.72,324.00 97.72,324.00
             98.93,313.78 95.24,308.08 107.00,308.00
             107.00,308.00 129.00,306.72 129.00,306.72
             136.50,305.82 140.74,304.04 148.00,307.31
             151.66,308.96 155.86,311.07 157.41,315.02
             158.36,317.46 157.74,320.71 159.85,323.82
             162.56,327.80 169.54,330.49 174.00,332.00
             174.00,332.00 192.00,337.74 192.00,337.74
             192.00,337.74 207.00,336.16 207.00,336.16
             225.31,334.21 232.07,333.71 248.00,323.20
             257.40,317.01 264.40,316.48 265.83,303.00
             266.75,294.28 264.38,289.57 261.11,282.00
             259.54,278.35 260.27,277.09 257.87,273.00
             251.69,262.46 241.20,255.91 231.00,249.80
             211.25,237.97 189.90,228.91 169.00,219.31
             154.31,212.56 144.99,209.43 132.00,199.00
             118.83,188.43 106.22,177.18 106.00,159.00
             105.86,146.57 106.28,144.38 111.75,133.00
             113.26,129.86 114.51,126.85 116.71,124.09
             116.71,124.09 124.00,116.56 124.00,116.56
             128.43,111.65 132.46,107.00 138.00,103.22
             142.45,100.20 156.50,94.35 162.00,92.32
             180.81,85.37 200.86,81.03 221.00,81.00
             221.00,81.00 250.00,81.00 250.00,81.00
             252.90,81.04 257.19,81.12 259.58,82.93
             261.85,84.65 262.38,87.41 263.00,90.00
             263.00,90.00 266.00,90.00 266.00,90.00
             266.75,87.87 267.11,86.30 269.22,85.02
             271.44,83.68 276.35,83.99 279.00,84.00
             279.00,84.00 298.00,85.91 298.00,85.91
             306.44,86.39 311.90,82.13 323.00,82.00
             323.00,82.00 354.00,82.00 354.00,82.00
             356.97,82.04 364.32,82.56 366.69,84.17
             369.26,85.92 368.96,89.33 369.85,92.00
             371.69,97.56 375.57,101.30 375.96,111.00
             375.96,111.00 374.41,126.00 374.41,126.00
             374.47,132.49 371.25,134.54 367.03,139.00
             365.23,140.91 362.06,144.85 359.91,145.99
             356.91,147.55 351.56,146.14 348.00,145.99
             340.79,145.75 327.28,142.92 321.00,139.48
             321.00,139.48 303.00,127.78 303.00,127.78
             298.31,125.33 291.12,122.51 286.00,121.16
             276.09,118.54 264.09,117.39 254.00,119.20
             249.63,119.98 247.93,121.83 245.00,122.36
             241.79,123.06 238.30,121.39 232.00,122.36
             218.56,124.23 201.63,133.84 202.02,149.00
             202.21,156.31 207.45,161.10 213.00,165.24
             218.15,169.09 228.15,174.89 234.00,177.74
             239.09,180.22 240.85,180.44 246.00,183.70
             246.00,183.70 259.00,191.88 259.00,191.88
             259.00,191.88 315.00,220.77 315.00,220.77
             327.13,229.16 340.20,243.91 348.72,256.00
             352.30,261.08 363.88,274.10 365.28,278.00
             366.31,280.88 366.04,288.62 366.00,292.00
             365.61,324.64 330.47,357.66 301.00,366.78
             289.58,370.31 261.20,373.85 249.00,374.00
             249.00,374.00 220.00,377.90 220.00,377.90
             220.00,377.90 202.00,375.28 202.00,375.28
             202.00,375.28 165.00,373.00 165.00,373.00
             165.00,373.00 108.00,373.00 108.00,373.00
             108.00,373.00 94.00,372.00 94.00,372.00
             94.00,372.00 94.91,360.00 94.91,360.00 Z
           M 2745.96,162.00
           C 2745.72,167.49 2744.62,169.34 2745.09,176.00
             2745.09,176.00 2748.05,195.00 2748.05,195.00
             2748.52,199.18 2749.37,207.59 2752.43,210.49
             2755.40,213.31 2760.20,212.99 2764.00,213.00
             2764.00,213.00 2783.00,214.00 2783.00,214.00
             2783.00,214.00 2809.00,214.00 2809.00,214.00
             2813.24,213.99 2818.29,214.36 2821.28,210.72
             2821.28,210.72 2824.72,204.51 2824.72,204.51
             2827.89,201.09 2832.85,203.07 2835.69,197.89
             2837.13,195.26 2837.05,190.97 2836.99,188.00
             2836.85,182.11 2835.25,176.73 2834.32,171.00
             2832.88,162.12 2834.35,154.72 2827.67,147.04
             2822.56,141.17 2816.41,140.09 2809.00,140.00
             2809.00,140.00 2790.00,140.00 2790.00,140.00
             2790.00,140.00 2779.00,139.18 2779.00,139.18
             2779.00,139.18 2771.00,139.74 2771.00,139.74
             2765.18,140.21 2759.78,138.49 2754.04,139.74
             2745.60,143.44 2746.31,154.03 2745.96,162.00 Z
           M 2054.00,151.00
           C 2054.00,151.00 2050.00,144.00 2050.00,144.00
             2049.35,147.94 2050.68,149.18 2054.00,151.00 Z
           M 2383.00,181.00
           C 2384.92,174.72 2384.84,170.29 2383.00,164.00
             2380.08,168.51 2380.08,176.49 2383.00,181.00 Z
           M 2057.00,165.00
           C 2054.84,173.88 2056.62,181.80 2067.00,183.00
             2066.37,176.06 2064.11,167.57 2057.00,165.00 Z
           M 2383.00,198.00
           C 2383.00,198.00 2383.00,206.00 2383.00,206.00
             2383.00,206.00 2385.00,206.00 2385.00,206.00
             2385.00,206.00 2385.00,198.00 2385.00,198.00
             2385.00,198.00 2383.00,198.00 2383.00,198.00 Z
           M 2386.00,245.00
           C 2386.00,245.00 2386.00,234.00 2386.00,234.00
             2383.44,237.96 2383.44,241.04 2386.00,245.00 Z
           M 2681.00,256.00
           C 2680.59,261.01 2678.46,266.47 2683.00,270.00
             2683.00,270.00 2683.00,256.00 2683.00,256.00
             2683.00,256.00 2681.00,256.00 2681.00,256.00 Z
           M 2387.00,277.00
           C 2387.00,277.00 2387.00,267.00 2387.00,267.00
             2385.65,270.41 2385.65,273.59 2387.00,277.00 Z
           M 2809.00,282.00
           C 2808.45,286.40 2809.29,286.83 2813.00,289.00
             2813.55,284.60 2812.71,284.17 2809.00,282.00 Z
           M 2681.00,325.00
           C 2680.78,328.23 2680.32,328.99 2683.00,331.00
             2683.00,331.00 2683.00,325.00 2683.00,325.00
             2683.00,325.00 2681.00,325.00 2681.00,325.00 Z
           M 2672.00,338.00
           C 2676.11,338.85 2676.90,338.71 2679.00,335.00
             2675.12,335.32 2674.80,335.24 2672.00,338.00 Z
           M 191.00,340.00
           C 191.00,340.00 192.00,341.00 192.00,341.00
             192.00,341.00 192.00,340.00 192.00,340.00
             192.00,340.00 191.00,340.00 191.00,340.00 Z
           M 2669.00,348.00
           C 2669.00,348.00 2670.00,359.00 2670.00,359.00
             2670.00,359.00 2671.00,348.00 2671.00,348.00
             2671.00,348.00 2669.00,348.00 2669.00,348.00 Z
           M 2669.00,371.00
           C 2669.00,371.00 2671.00,371.00 2671.00,371.00
             2671.00,371.00 2670.00,364.00 2670.00,364.00
             2670.00,364.00 2669.00,371.00 2669.00,371.00 Z
           M 3094.00,1751.00
           C 3094.00,1751.00 3094.00,1777.00 3094.00,1777.00
             3094.00,1777.00 3094.00,1867.00 3094.00,1867.00
             3094.00,1867.00 3094.00,2135.00 3094.00,2135.00
             3094.00,2135.00 3094.00,2213.00 3094.00,2213.00
             3094.00,2213.00 3094.00,2235.00 3094.00,2235.00
             3094.00,2235.00 3093.00,2248.00 3093.00,2248.00
             3093.00,2248.00 3093.00,1737.00 3093.00,1737.00
             3093.00,1737.00 3094.00,1751.00 3094.00,1751.00 Z" />
</svg>
